Program Version:,EnergyPlus, Version 22.1.0-ed759b17ee, YMD=2024.09.16 18:26
Tabular Output Report in Format: ,Comma

Building:,Building 1
Environment:,RUN PERIOD 1 ** Temixco Morelos MEX --- WMO#=-

----------------------------------------------------------------------------------------------------
REPORT:,Annual Building Utility Performance Summary
FOR:,Entire Facility
Values gathered over       744.00 hours
WARNING: THE REPORT DOES NOT REPRESENT A FULL ANNUAL SIMULATION.

Site and Source Energy

,,Total Energy [GJ],Energy Per Total Building Area [MJ/m2],Energy Per Conditioned Building Area [MJ/m2]
,Total Site Energy,0.00,0.00,
,Net Site Energy,0.00,0.00,
,Total Source Energy,0.00,0.00,
,Net Source Energy,0.00,0.00,


Site to Source Energy Conversion Factors

,,Site=>Source Conversion Factor
,Electricity,3.167
,Natural Gas,1.084
,District Cooling,1.056
,District Heating,3.613
,Steam,1.200
,Gasoline,1.050
,Diesel,1.050
,Coal,1.050
,Fuel Oil No 1,1.050
,Fuel Oil No 2,1.050
,Propane,1.050
,Other Fuel 1,1.000
,Other Fuel 2,1.000


Building Area

,,Area [m2]
,Total Building Area,128.73
,Net Conditioned Building Area,0.00
,Unconditioned Building Area,128.73


End Uses

,,Electricity [GJ],Natural Gas [GJ],Gasoline [GJ],Diesel [GJ],Coal [GJ],Fuel Oil No 1 [GJ],Fuel Oil No 2 [GJ],Propane [GJ],Other Fuel 1 [GJ],Other Fuel 2 [GJ],District Cooling [GJ],District Heating [GJ],Water [m3]
,Heating,0.00,0.00,0.00,0.00,0.00,0.00,0.00,0.00,0.00,0.00,0.00,0.00,0.00
,Cooling,0.00,0.00,0.00,0.00,0.00,0.00,0.00,0.00,0.00,0.00,0.00,0.00,0.00
,Interior Lighting,0.00,0.00,0.00,0.00,0.00,0.00,0.00,0.00,0.00,0.00,0.00,0.00,0.00
,Exterior Lighting,0.00,0.00,0.00,0.00,0.00,0.00,0.00,0.00,0.00,0.00,0.00,0.00,0.00
,Interior Equipment,0.00,0.00,0.00,0.00,0.00,0.00,0.00,0.00,0.00,0.00,0.00,0.00,0.00
,Exterior Equipment,0.00,0.00,0.00,0.00,0.00,0.00,0.00,0.00,0.00,0.00,0.00,0.00,0.00
,Fans,0.00,0.00,0.00,0.00,0.00,0.00,0.00,0.00,0.00,0.00,0.00,0.00,0.00
,Pumps,0.00,0.00,0.00,0.00,0.00,0.00,0.00,0.00,0.00,0.00,0.00,0.00,0.00
,Heat Rejection,0.00,0.00,0.00,0.00,0.00,0.00,0.00,0.00,0.00,0.00,0.00,0.00,0.00
,Humidification,0.00,0.00,0.00,0.00,0.00,0.00,0.00,0.00,0.00,0.00,0.00,0.00,0.00
,Heat Recovery,0.00,0.00,0.00,0.00,0.00,0.00,0.00,0.00,0.00,0.00,0.00,0.00,0.00
,Water Systems,0.00,0.00,0.00,0.00,0.00,0.00,0.00,0.00,0.00,0.00,0.00,0.00,0.00
,Refrigeration,0.00,0.00,0.00,0.00,0.00,0.00,0.00,0.00,0.00,0.00,0.00,0.00,0.00
,Generators,0.00,0.00,0.00,0.00,0.00,0.00,0.00,0.00,0.00,0.00,0.00,0.00,0.00
,,,,,,,,,,,,,,
,Total End Uses,0.00,0.00,0.00,0.00,0.00,0.00,0.00,0.00,0.00,0.00,0.00,0.00,0.00


End Uses By Subcategory

,,Subcategory,Electricity [GJ],Natural Gas [GJ],Gasoline [GJ],Diesel [GJ],Coal [GJ],Fuel Oil No 1 [GJ],Fuel Oil No 2 [GJ],Propane [GJ],Other Fuel 1 [GJ],Other Fuel 2 [GJ],District Cooling [GJ],District Heating [GJ],Water [m3]
,Heating,General,0.00,0.00,0.00,0.00,0.00,0.00,0.00,0.00,0.00,0.00,0.00,0.00,0.00
,Cooling,General,0.00,0.00,0.00,0.00,0.00,0.00,0.00,0.00,0.00,0.00,0.00,0.00,0.00
,Interior Lighting,General,0.00,0.00,0.00,0.00,0.00,0.00,0.00,0.00,0.00,0.00,0.00,0.00,0.00
,Exterior Lighting,General,0.00,0.00,0.00,0.00,0.00,0.00,0.00,0.00,0.00,0.00,0.00,0.00,0.00
,Interior Equipment,General,0.00,0.00,0.00,0.00,0.00,0.00,0.00,0.00,0.00,0.00,0.00,0.00,0.00
,Exterior Equipment,General,0.00,0.00,0.00,0.00,0.00,0.00,0.00,0.00,0.00,0.00,0.00,0.00,0.00
,Fans,General,0.00,0.00,0.00,0.00,0.00,0.00,0.00,0.00,0.00,0.00,0.00,0.00,0.00
,Pumps,General,0.00,0.00,0.00,0.00,0.00,0.00,0.00,0.00,0.00,0.00,0.00,0.00,0.00
,Heat Rejection,General,0.00,0.00,0.00,0.00,0.00,0.00,0.00,0.00,0.00,0.00,0.00,0.00,0.00
,Humidification,General,0.00,0.00,0.00,0.00,0.00,0.00,0.00,0.00,0.00,0.00,0.00,0.00,0.00
,Heat Recovery,General,0.00,0.00,0.00,0.00,0.00,0.00,0.00,0.00,0.00,0.00,0.00,0.00,0.00
,Water Systems,General,0.00,0.00,0.00,0.00,0.00,0.00,0.00,0.00,0.00,0.00,0.00,0.00,0.00
,Refrigeration,General,0.00,0.00,0.00,0.00,0.00,0.00,0.00,0.00,0.00,0.00,0.00,0.00,0.00
,Generators,General,0.00,0.00,0.00,0.00,0.00,0.00,0.00,0.00,0.00,0.00,0.00,0.00,0.00


End Uses By Space Type

,,Space Type,Electricity [GJ],Natural Gas [GJ],Gasoline [GJ],Diesel [GJ],Coal [GJ],Fuel Oil No 1 [GJ],Fuel Oil No 2 [GJ],Propane [GJ],Other Fuel 1 [GJ],Other Fuel 2 [GJ],District Cooling [GJ],District Heating [GJ],Water [m3]
,Heating,Unassigned,0.00,0.00,0.00,0.00,0.00,0.00,0.00,0.00,0.00,0.00,0.00,0.00,0.00
,Cooling,Unassigned,0.00,0.00,0.00,0.00,0.00,0.00,0.00,0.00,0.00,0.00,0.00,0.00,0.00
,Interior Lighting,Unassigned,0.00,0.00,0.00,0.00,0.00,0.00,0.00,0.00,0.00,0.00,0.00,0.00,0.00
,Exterior Lighting,Unassigned,0.00,0.00,0.00,0.00,0.00,0.00,0.00,0.00,0.00,0.00,0.00,0.00,0.00
,Interior Equipment,Unassigned,0.00,0.00,0.00,0.00,0.00,0.00,0.00,0.00,0.00,0.00,0.00,0.00,0.00
,Exterior Equipment,Unassigned,0.00,0.00,0.00,0.00,0.00,0.00,0.00,0.00,0.00,0.00,0.00,0.00,0.00
,Fans,Unassigned,0.00,0.00,0.00,0.00,0.00,0.00,0.00,0.00,0.00,0.00,0.00,0.00,0.00
,Pumps,Unassigned,0.00,0.00,0.00,0.00,0.00,0.00,0.00,0.00,0.00,0.00,0.00,0.00,0.00
,Heat Rejection,Unassigned,0.00,0.00,0.00,0.00,0.00,0.00,0.00,0.00,0.00,0.00,0.00,0.00,0.00
,Humidification,Unassigned,0.00,0.00,0.00,0.00,0.00,0.00,0.00,0.00,0.00,0.00,0.00,0.00,0.00
,Heat Recovery,Unassigned,0.00,0.00,0.00,0.00,0.00,0.00,0.00,0.00,0.00,0.00,0.00,0.00,0.00
,Water Systems,Unassigned,0.00,0.00,0.00,0.00,0.00,0.00,0.00,0.00,0.00,0.00,0.00,0.00,0.00
,Refrigeration,Unassigned,0.00,0.00,0.00,0.00,0.00,0.00,0.00,0.00,0.00,0.00,0.00,0.00,0.00
,Generators,Unassigned,0.00,0.00,0.00,0.00,0.00,0.00,0.00,0.00,0.00,0.00,0.00,0.00,0.00


Normalized Metrics
Utility Use Per Conditioned Floor Area

,,Electricity Intensity [MJ/m2],Natural Gas Intensity [MJ/m2],Gasoline Intensity [MJ/m2],Diesel Intensity [MJ/m2],Coal Intensity [MJ/m2],Fuel Oil No 1 Intensity [MJ/m2],Fuel Oil No 2 Intensity [MJ/m2],Propane Intensity [MJ/m2],Other Fuel 1 Intensity [MJ/m2],Other Fuel 2 Intensity [MJ/m2],District Cooling Intensity [MJ/m2],District Heating Intensity [MJ/m2],Water Intensity [m3/m2]
,Lighting,,,,,,,,,,,,,
,HVAC,,,,,,,,,,,,,
,Other,,,,,,,,,,,,,
,Total,,,,,,,,,,,,,


Utility Use Per Total Floor Area

,,Electricity Intensity [MJ/m2],Natural Gas Intensity [MJ/m2],Gasoline Intensity [MJ/m2],Diesel Intensity [MJ/m2],Coal Intensity [MJ/m2],Fuel Oil No 1 Intensity [MJ/m2],Fuel Oil No 2 Intensity [MJ/m2],Propane Intensity [MJ/m2],Other Fuel 1 Intensity [MJ/m2],Other Fuel 2 Intensity [MJ/m2],District Cooling Intensity [MJ/m2],District Heating Intensity [MJ/m2],Water Intensity [m3/m2]
,Lighting,0.00,0.00,0.00,0.00,0.00,0.00,0.00,0.00,0.00,0.00,0.00,0.00,0.00
,HVAC,0.00,0.00,0.00,0.00,0.00,0.00,0.00,0.00,0.00,0.00,0.00,0.00,0.00
,Other,0.00,0.00,0.00,0.00,0.00,0.00,0.00,0.00,0.00,0.00,0.00,0.00,0.00
,Total,0.00,0.00,0.00,0.00,0.00,0.00,0.00,0.00,0.00,0.00,0.00,0.00,0.00


Electric Loads Satisfied

,,Electricity [GJ],Percent Electricity [%]
,Fuel-Fired Power Generation,0.000,
,High Temperature Geothermal*,0.000,
,Photovoltaic Power,0.000,
,Wind Power,0.000,
,Power Conversion,0.000,
,Net Decrease in On-Site Storage,0.000,
,Total On-Site Electric Sources,0.000,
,,,
,Electricity Coming From Utility,0.000,
,Surplus Electricity Going To Utility,0.000,
,Net Electricity From Utility,0.000,
,,,
,Total On-Site and Utility Electric Sources,0.000,
,Total Electricity End Uses,0.000,


On-Site Thermal Sources

,,Heat [GJ],Percent Heat [%]
,Water-Side Heat Recovery,0.00,
,Air to Air Heat Recovery for Cooling,0.00,
,Air to Air Heat Recovery for Heating,0.00,
,High-Temperature Geothermal*,0.00,
,Solar Water Thermal,0.00,
,Solar Air Thermal,0.00,
,Total On-Site Thermal Sources,0.00,


Water Source Summary

,,Water [m3],Percent Water [%]
,Rainwater Collection,0.00,-
,Condensate Collection,0.00,-
,Groundwater Well,0.00,-
,Total On Site Water Sources,0.00,-
,-,-,-
,Initial Storage,0.00,-
,Final Storage,0.00,-
,Change in Storage,0.00,-
,-,-,-
,Water Supplied by Utility,0.00,-
,-,-,-
,Total On Site, Change in Storage, and Utility Water Sources,0.00,-
,Total Water End Uses,0.00,-


Setpoint Not Met Criteria

,,Degrees [deltaC]
,Tolerance for Zone Heating Setpoint Not Met Time,0.20
,Tolerance for Zone Cooling Setpoint Not Met Time,0.20


Comfort and Setpoint Not Met Summary

,,Facility [Hours]
,Time Setpoint Not Met During Occupied Heating,0.00
,Time Setpoint Not Met During Occupied Cooling,0.00
,Time Not Comfortable Based on Simple ASHRAE 55-2004,0.00


Note 1: An asterisk (*) indicates that the feature is not yet implemented.
----------------------------------------------------------------------------------------------------
REPORT:,Input Verification and Results Summary
FOR:,Entire Facility
General

,,Value
,Program Version and Build,EnergyPlus, Version 22.1.0-ed759b17ee, YMD=2024.09.16 18:26
,RunPeriod,RUN PERIOD 1
,Weather File,Temixco Morelos MEX --- WMO#=-
,Latitude [deg],18.51
,Longitude [deg],-99.1
,Elevation [m],1280.00
,Time Zone,-6.0
,North Axis Angle [deg],0.00
,Rotation for Appendix G [deg],0.00
,Hours Simulated [hrs],744.00


ENVELOPE
Window-Wall Ratio

,,Total,North (315 to 45 deg),East (45 to 135 deg),South (135 to 225 deg),West (225 to 315 deg)
,Gross Wall Area [m2],134.68,9.45,49.00,41.82,34.41
,Above Ground Wall Area [m2],134.68,9.45,49.00,41.82,34.41
,Window Opening Area [m2],98.02,8.84,47.26,8.84,33.08
,Gross Window-Wall Ratio [%],72.78,93.54,96.45,21.14,96.15
,Above Ground Window-Wall Ratio [%],72.78,93.54,96.45,21.14,96.15


Conditioned Window-Wall Ratio

,,Total,North (315 to 45 deg),East (45 to 135 deg),South (135 to 225 deg),West (225 to 315 deg)
,Gross Wall Area [m2],0.00,0.00,0.00,0.00,0.00
,Above Ground Wall Area [m2],0.00,0.00,0.00,0.00,0.00
,Window Opening Area [m2],0.00,0.00,0.00,0.00,0.00
,Gross Window-Wall Ratio [%],0.00,0.00,0.00,0.00,0.00
,Above Ground Window-Wall Ratio [%],0.00,0.00,0.00,0.00,0.00


Skylight-Roof Ratio

,,Total
,Gross Roof Area [m2],0.00
,Skylight Area [m2],0.00
,Skylight-Roof Ratio [%],0.00


PERFORMANCE
Zone Summary

,,Area [m2],Conditioned (Y/N),Part of Total Floor Area (Y/N),Volume [m3],Multipliers,Above Ground Gross Wall Area [m2],Underground Gross Wall Area [m2],Window Glass Area [m2],Opening Area [m2],Lighting [W/m2],People [m2 per person],Plug and Process [W/m2]
,NCAFETERIA,128.73,No,Yes,450.55,1.00,134.68,0.00,98.02,98.02,0.0000,,0.0000
,Total,128.73,,,450.55,,134.68,0.00,98.02,98.02,0.0000,,0.0000
,Conditioned Total,0.00,,,0.00,,0.00,0.00,0.00,0.00,,,
,Unconditioned Total,128.73,,,450.55,,134.68,0.00,98.02,98.02,0.0000,,0.0000
,Not Part of Total,0.00,,,0.00,,0.00,0.00,0.00,0.00,,,


Space Summary

,,Area [m2],Conditioned (Y/N),Part of Total Floor Area (Y/N),Multipliers,Zone Name,Space Type,Radiant/Solar Enclosure Name,Lighting [W/m2],People [m2 per person],Plug and Process [W/m2],Tags
,NCAFETERIA,128.73,No,Yes,1.00,NCAFETERIA,GENERAL,NCAFETERIA,0.0000,0.00,0.0000,
,Total,128.73,,,,,,,0.0000,0.00,0.0000,
,Conditioned Total,0.00,,,,,,,0.0000,0.00,0.0000,
,Unconditioned Total,128.73,,,,,,,0.0000,0.00,0.0000,
,Not Part of Total,0.00,,,,,,,0.0000,0.00,0.0000,


Space Type Summary

,,Total Area [m2],Conditioned Area [m2],Unconditioned Area [m2],Not Part of Total Area [m2],Lighting [W/m2],People [m2 per person],Plug and Process [W/m2]
,GENERAL,128.73,0.00,128.73,0.00,0.0000,0.00,0.0000
,Total,128.73,0.00,128.73,0.00,,,


----------------------------------------------------------------------------------------------------
REPORT:,Demand End Use Components Summary
FOR:,Entire Facility
End Uses

,,Electricity [W],Natural Gas [W],Gasoline [W],Diesel [W],Coal [W],Fuel Oil No 1 [W],Fuel Oil No 2 [W],Propane [W],Other Fuel 1 [W],Other Fuel 2 [W],District Cooling [W],Steam [W],Water [m3/s]
,Time of Peak,-,-,-,-,-,-,-,-,-,-,-,-,-
,Heating,0.00,0.00,0.00,0.00,0.00,0.00,0.00,0.00,0.00,0.00,0.00,0.00,0.00
,Cooling,0.00,0.00,0.00,0.00,0.00,0.00,0.00,0.00,0.00,0.00,0.00,0.00,0.00
,Interior Lighting,0.00,0.00,0.00,0.00,0.00,0.00,0.00,0.00,0.00,0.00,0.00,0.00,0.00
,Exterior Lighting,0.00,0.00,0.00,0.00,0.00,0.00,0.00,0.00,0.00,0.00,0.00,0.00,0.00
,Interior Equipment,0.00,0.00,0.00,0.00,0.00,0.00,0.00,0.00,0.00,0.00,0.00,0.00,0.00
,Exterior Equipment,0.00,0.00,0.00,0.00,0.00,0.00,0.00,0.00,0.00,0.00,0.00,0.00,0.00
,Fans,0.00,0.00,0.00,0.00,0.00,0.00,0.00,0.00,0.00,0.00,0.00,0.00,0.00
,Pumps,0.00,0.00,0.00,0.00,0.00,0.00,0.00,0.00,0.00,0.00,0.00,0.00,0.00
,Heat Rejection,0.00,0.00,0.00,0.00,0.00,0.00,0.00,0.00,0.00,0.00,0.00,0.00,0.00
,Humidification,0.00,0.00,0.00,0.00,0.00,0.00,0.00,0.00,0.00,0.00,0.00,0.00,0.00
,Heat Recovery,0.00,0.00,0.00,0.00,0.00,0.00,0.00,0.00,0.00,0.00,0.00,0.00,0.00
,Water Systems,0.00,0.00,0.00,0.00,0.00,0.00,0.00,0.00,0.00,0.00,0.00,0.00,0.00
,Refrigeration,0.00,0.00,0.00,0.00,0.00,0.00,0.00,0.00,0.00,0.00,0.00,0.00,0.00
,Generators,0.00,0.00,0.00,0.00,0.00,0.00,0.00,0.00,0.00,0.00,0.00,0.00,0.00
,,,,,,,,,,,,,,
,Total End Uses,0.00,0.00,0.00,0.00,0.00,0.00,0.00,0.00,0.00,0.00,0.00,0.00,0.00


End Uses By Subcategory

,,Subcategory,Electricity [W],Natural Gas [W],Gasoline [W],Diesel [W],Coal [W],Fuel Oil No 1 [W],Fuel Oil No 2 [W],Propane [W],Other Fuel 1 [W],Other Fuel 2 [W],District Cooling [W],Steam [W],Water [m3/s]
,Heating,General,0.00,0.00,0.00,0.00,0.00,0.00,0.00,0.00,0.00,0.00,0.00,0.00,0.00
,Cooling,General,0.00,0.00,0.00,0.00,0.00,0.00,0.00,0.00,0.00,0.00,0.00,0.00,0.00
,Interior Lighting,General,0.00,0.00,0.00,0.00,0.00,0.00,0.00,0.00,0.00,0.00,0.00,0.00,0.00
,Exterior Lighting,General,0.00,0.00,0.00,0.00,0.00,0.00,0.00,0.00,0.00,0.00,0.00,0.00,0.00
,Interior Equipment,General,0.00,0.00,0.00,0.00,0.00,0.00,0.00,0.00,0.00,0.00,0.00,0.00,0.00
,Exterior Equipment,General,0.00,0.00,0.00,0.00,0.00,0.00,0.00,0.00,0.00,0.00,0.00,0.00,0.00
,Fans,General,0.00,0.00,0.00,0.00,0.00,0.00,0.00,0.00,0.00,0.00,0.00,0.00,0.00
,Pumps,General,0.00,0.00,0.00,0.00,0.00,0.00,0.00,0.00,0.00,0.00,0.00,0.00,0.00
,Heat Rejection,General,0.00,0.00,0.00,0.00,0.00,0.00,0.00,0.00,0.00,0.00,0.00,0.00,0.00
,Humidification,General,0.00,0.00,0.00,0.00,0.00,0.00,0.00,0.00,0.00,0.00,0.00,0.00,0.00
,Heat Recovery,General,0.00,0.00,0.00,0.00,0.00,0.00,0.00,0.00,0.00,0.00,0.00,0.00,0.00
,Water Systems,General,0.00,0.00,0.00,0.00,0.00,0.00,0.00,0.00,0.00,0.00,0.00,0.00,0.00
,Refrigeration,General,0.00,0.00,0.00,0.00,0.00,0.00,0.00,0.00,0.00,0.00,0.00,0.00,0.00
,Generators,General,0.00,0.00,0.00,0.00,0.00,0.00,0.00,0.00,0.00,0.00,0.00,0.00,0.00


----------------------------------------------------------------------------------------------------
REPORT:,Source Energy End Use Components Summary
FOR:,Entire Facility
Values gathered over       744.00 hours
WARNING: THE REPORT DOES NOT REPRESENT A FULL ANNUAL SIMULATION.

Source Energy End Use Components Summary

,,Source Electricity [GJ],Source Natural Gas [GJ],Source Gasoline [GJ],Source Diesel [GJ],Source Coal [GJ],Source Fuel Oil No 1 [GJ],Source Fuel Oil No 2 [GJ],Source Propane [GJ],Source Other Fuel 1 [GJ],Source Other Fuel 2 [GJ],Source District Cooling [GJ],Source District Heating [GJ]
,Heating,0.00,0.00,0.00,0.00,0.00,0.00,0.00,0.00,0.00,0.00,0.00,0.00
,Cooling,0.00,0.00,0.00,0.00,0.00,0.00,0.00,0.00,0.00,0.00,0.00,0.00
,Interior Lighting,0.00,0.00,0.00,0.00,0.00,0.00,0.00,0.00,0.00,0.00,0.00,0.00
,Exterior Lighting,0.00,0.00,0.00,0.00,0.00,0.00,0.00,0.00,0.00,0.00,0.00,0.00
,Interior Equipment,0.00,0.00,0.00,0.00,0.00,0.00,0.00,0.00,0.00,0.00,0.00,0.00
,Exterior Equipment,0.00,0.00,0.00,0.00,0.00,0.00,0.00,0.00,0.00,0.00,0.00,0.00
,Fans,0.00,0.00,0.00,0.00,0.00,0.00,0.00,0.00,0.00,0.00,0.00,0.00
,Pumps,0.00,0.00,0.00,0.00,0.00,0.00,0.00,0.00,0.00,0.00,0.00,0.00
,Heat Rejection,0.00,0.00,0.00,0.00,0.00,0.00,0.00,0.00,0.00,0.00,0.00,0.00
,Humidification,0.00,0.00,0.00,0.00,0.00,0.00,0.00,0.00,0.00,0.00,0.00,0.00
,Heat Recovery,0.00,0.00,0.00,0.00,0.00,0.00,0.00,0.00,0.00,0.00,0.00,0.00
,Water Systems,0.00,0.00,0.00,0.00,0.00,0.00,0.00,0.00,0.00,0.00,0.00,0.00
,Refrigeration,0.00,0.00,0.00,0.00,0.00,0.00,0.00,0.00,0.00,0.00,0.00,0.00
,Generators,0.00,0.00,0.00,0.00,0.00,0.00,0.00,0.00,0.00,0.00,0.00,0.00
,,,,,,,,,,,,,
,Total Source Energy End Use Components,0.00,0.00,0.00,0.00,0.00,0.00,0.00,0.00,0.00,0.00,0.00,0.00


Normalized Metrics
Source Energy End Use Components Per Conditioned Floor Area

,,Source Electricity [MJ/m2],Source Natural Gas [MJ/m2],Source Gasoline [MJ/m2],Source Diesel [MJ/m2],Source Coal [MJ/m2],Source Fuel Oil No 1 [MJ/m2],Source Fuel Oil No 2 [MJ/m2],Source Propane [MJ/m2],Source Other Fuel 1 [MJ/m2],Source Other Fuel 2 [MJ/m2],Source District Cooling [MJ/m2],Source District Heating [MJ/m2]
,Heating,,,,,,,,,,,,
,Cooling,,,,,,,,,,,,
,Interior Lighting,,,,,,,,,,,,
,Exterior Lighting,,,,,,,,,,,,
,Interior Equipment,,,,,,,,,,,,
,Exterior Equipment,,,,,,,,,,,,
,Fans,,,,,,,,,,,,
,Pumps,,,,,,,,,,,,
,Heat Rejection,,,,,,,,,,,,
,Humidification,,,,,,,,,,,,
,Heat Recovery,,,,,,,,,,,,
,Water Systems,,,,,,,,,,,,
,Refrigeration,,,,,,,,,,,,
,Generators,,,,,,,,,,,,
,,,,,,,,,,,,,
,Total Source Energy End Use Components,,,,,,,,,,,,


Source Energy End Use Components Per Total Floor Area

,,Source Electricity [MJ/m2],Source Natural Gas [MJ/m2],Source Gasoline [MJ/m2],Source Diesel [MJ/m2],Source Coal [MJ/m2],Source Fuel Oil No 1 [MJ/m2],Source Fuel Oil No 2 [MJ/m2],Source Propane [MJ/m2],Source Other Fuel 1 [MJ/m2],Source Other Fuel 2 [MJ/m2],Source District Cooling [MJ/m2],Source District Heating [MJ/m2]
,Heating,0.00,0.00,0.00,0.00,0.00,0.00,0.00,0.00,0.00,0.00,0.00,0.00
,Cooling,0.00,0.00,0.00,0.00,0.00,0.00,0.00,0.00,0.00,0.00,0.00,0.00
,Interior Lighting,0.00,0.00,0.00,0.00,0.00,0.00,0.00,0.00,0.00,0.00,0.00,0.00
,Exterior Lighting,0.00,0.00,0.00,0.00,0.00,0.00,0.00,0.00,0.00,0.00,0.00,0.00
,Interior Equipment,0.00,0.00,0.00,0.00,0.00,0.00,0.00,0.00,0.00,0.00,0.00,0.00
,Exterior Equipment,0.00,0.00,0.00,0.00,0.00,0.00,0.00,0.00,0.00,0.00,0.00,0.00
,Fans,0.00,0.00,0.00,0.00,0.00,0.00,0.00,0.00,0.00,0.00,0.00,0.00
,Pumps,0.00,0.00,0.00,0.00,0.00,0.00,0.00,0.00,0.00,0.00,0.00,0.00
,Heat Rejection,0.00,0.00,0.00,0.00,0.00,0.00,0.00,0.00,0.00,0.00,0.00,0.00
,Humidification,0.00,0.00,0.00,0.00,0.00,0.00,0.00,0.00,0.00,0.00,0.00,0.00
,Heat Recovery,0.00,0.00,0.00,0.00,0.00,0.00,0.00,0.00,0.00,0.00,0.00,0.00
,Water Systems,0.00,0.00,0.00,0.00,0.00,0.00,0.00,0.00,0.00,0.00,0.00,0.00
,Refrigeration,0.00,0.00,0.00,0.00,0.00,0.00,0.00,0.00,0.00,0.00,0.00,0.00
,Generators,0.00,0.00,0.00,0.00,0.00,0.00,0.00,0.00,0.00,0.00,0.00,0.00
,,,,,,,,,,,,,
,Total Source Energy End Use Components,0.00,0.00,0.00,0.00,0.00,0.00,0.00,0.00,0.00,0.00,0.00,0.00


----------------------------------------------------------------------------------------------------
REPORT:,Component Sizing Summary
FOR:,Entire Facility
----------------------------------------------------------------------------------------------------
REPORT:,Surface Shadowing Summary
FOR:,Entire Facility
Surfaces (Walls, Roofs, etc) that may be Shadowed by Other Surfaces

,,None


Subsurfaces (Windows and Doors) that may be Shadowed by Surfaces

,,None


----------------------------------------------------------------------------------------------------
REPORT:,Initialization Summary
FOR:,Entire Facility
Version

,,Version ID
,1,22.1


Timesteps per Hour

,,#TimeSteps,Minutes per TimeStep {minutes}
,1,60,1


System Convergence Limits

,,Minimum System TimeStep {minutes},Max HVAC Iterations,Minimum Plant Iterations,Maximum Plant Iterations
,1,1,20,2,8


Simulation Control

,,Do Zone Sizing,Do System Sizing,Do Plant Sizing,Do Design Days,Do Weather Simulation,Do HVAC Sizing Simulation
,1,No,No,No,No,Yes,No


Performance Precision Tradeoffs

,,Use Coil Direct Simulation,Zone Radiant Exchange Algorithm,Override Mode,Number of Timestep In Hour,Force Euler Method,Minimum Number of Warmup Days,Force Suppress All Begin Environment Resets,Minimum System Timestep,MaxZoneTempDiff,MaxAllowedDelTemp
,1,No,ScriptF,Normal,60,No,1,No,1.0,0.300,2.0000E-003


Output Reporting Tolerances

,,Tolerance for Time Heating Setpoint Not Met,Tolerance for Zone Cooling Setpoint Not Met Time
,1,0.200,0.200


Site:GroundTemperature:BuildingSurface

,,Jan{C},Feb{C},Mar{C},Apr{C},May{C},Jun{C},Jul{C},Aug{C},Sep{C},Oct{C},Nov{C},Dec{C}
,1,18.00,18.00,18.00,18.00,18.00,18.00,18.00,18.00,18.00,18.00,18.00,18.00


Site:GroundTemperature:Shallow

,,Jan{C},Feb{C},Mar{C},Apr{C},May{C},Jun{C},Jul{C},Aug{C},Sep{C},Oct{C},Nov{C},Dec{C}
,1,13.00,13.00,13.00,13.00,13.00,13.00,13.00,13.00,13.00,13.00,13.00,13.00


Site:GroundTemperature:Deep

,,Jan{C},Feb{C},Mar{C},Apr{C},May{C},Jun{C},Jul{C},Aug{C},Sep{C},Oct{C},Nov{C},Dec{C}
,1,16.00,16.00,16.00,16.00,16.00,16.00,16.00,16.00,16.00,16.00,16.00,16.00


Site:GroundReflectance

,,Jan{dimensionless},Feb{dimensionless},Mar{dimensionless},Apr{dimensionless},May{dimensionless},Jun{dimensionless},Jul{dimensionless},Aug{dimensionless},Sep{dimensionless},Oct{dimensionless},Nov{dimensionless},Dec{dimensionless}
,1,0.20,0.20,0.20,0.20,0.20,0.20,0.20,0.20,0.20,0.20,0.20,0.20


Site:GroundReflectance:SnowModifier

,,Normal,Daylighting {dimensionless}
,1,1.000,1.000


Site:GroundReflectance:Snow

,,Jan{dimensionless},Feb{dimensionless},Mar{dimensionless},Apr{dimensionless},May{dimensionless},Jun{dimensionless},Jul{dimensionless},Aug{dimensionless},Sep{dimensionless},Oct{dimensionless},Nov{dimensionless},Dec{dimensionless}
,1,0.20,0.20,0.20,0.20,0.20,0.20,0.20,0.20,0.20,0.20,0.20,0.20


Site:GroundReflectance:Snow:Daylighting

,,Jan{dimensionless},Feb{dimensionless},Mar{dimensionless},Apr{dimensionless},May{dimensionless},Jun{dimensionless},Jul{dimensionless},Aug{dimensionless},Sep{dimensionless},Oct{dimensionless},Nov{dimensionless},Dec{dimensionless}
,1,0.20,0.20,0.20,0.20,0.20,0.20,0.20,0.20,0.20,0.20,0.20,0.20


Environment:Weather Station

,,Wind Sensor Height Above Ground {m},Wind Speed Profile Exponent {},Wind Speed Profile Boundary Layer Thickness {m},Air Temperature Sensor Height Above Ground {m},Wind Speed Modifier Coefficient-Internal,Temperature Modifier Coefficient-Internal
,1,10.000,0.140,270.000,1.500,1.586,9.750E-003


Site:Location

,,Location Name,Latitude {N+/S- Deg},Longitude {E+/W- Deg},Time Zone Number {GMT+/-},Elevation {m},Standard Pressure at Elevation {Pa},Standard RhoAir at Elevation
,1,Temixco Morelos MEX --- WMO#=-,18.51,-99.14,-6.00,1280.00,86864,1.0324


Site Water Mains Temperature Information

,,Calculation Method{},Water Mains Temperature Schedule Name{},Annual Average Outdoor Air Temperature{C},Maximum Difference In Monthly Average Outdoor Air Temperatures{deltaC},Fixed Default Water Mains Temperature{C}
,1,FixedDefault,NA,NA,NA,10.0


Building Information

,,Building Name,North Axis {deg},Terrain,Loads Convergence Tolerance Value,Temperature Convergence Tolerance Value,Solar Distribution,Maximum Number of Warmup Days,Minimum Number of Warmup Days
,1,Building 1,0.000,Suburbs,4.00000E-002,1.00000E-007,FullExterior,25,1


Inside Convection Algorithm

,,Algorithm {Simple
,,TARP
,,CeilingDiffuser
,,AdaptiveConvectionAlgorithm}
,1,TARP


Outside Convection Algorithm

,,Algorithm {SimpleCombined
,,TARP
,,MoWitt
,,DOE-2
,,AdaptiveConvectionAlgorithm}
,1,DOE-2


Sky Radiance Distribution

,,Value {Anisotropic}
,1,Anisotropic


Zone Air Solution Algorithm

,,Value {ThirdOrderBackwardDifference
,,AnalyticalSolution
,,EulerMethod}
,1,EulerMethod


Zone Air Carbon Dioxide Balance Simulation

,,Simulation {Yes/No},Carbon Dioxide Concentration
,1,No,N/A


Zone Air Generic Contaminant Balance Simulation

,,Simulation {Yes/No},Generic Contaminant Concentration
,1,No,N/A


Zone Air Mass Flow Balance Simulation

,,Enforce Mass Balance,Adjust Zone Mixing and Return {AdjustMixingOnly,Adjust Zone Infiltration {AddInfiltration,Infiltration Zones {MixingSourceZonesOnly
,,,AdjustReturnOnly,AdjustInfiltration,AllZones}
,,,AdjustMixingThenReturn,None},
,,,AdjustReturnThenMixing,,
,,,None},,
,1,No,N/A,N/A,N/A


HVACSystemRootFindingAlgorithm

,,Value {RegulaFalsi
,,Bisection
,,BisectionThenRegulaFalsi
,,RegulaFalsiThenBisection}
,1,RegulaFalsi


Environment:Site Atmospheric Variation

,,Wind Speed Profile Exponent {},Wind Speed Profile Boundary Layer Thickness {m},Air Temperature Gradient Coefficient {K/m}
,1,0.000,1.000E-015,0.000000


Surface Geometry

,,Starting Corner,Vertex Input Direction,Coordinate System,Daylight Reference Point Coordinate System,Rectangular (Simple) Surface Coordinate System
,1,UpperLeftCorner,Counterclockwise,RelativeCoordinateSystem,RelativeCoordinateSystem,RelativeToZoneOrigin


Surface Heat Transfer Algorithm

,,Value {CTF - ConductionTransferFunction,Inside Surface Max Temperature Limit{C},Surface Convection Coefficient Lower Limit {W/m2-K},Surface Convection Coefficient Upper Limit {W/m2-K}
,,EMPD - MoisturePenetrationDepthConductionTransferFunction,,,
,,CondFD - ConductionFiniteDifference,,,
,,HAMT - CombinedHeatAndMoistureFiniteElement} - Description,,,
,1,CTF - ConductionTransferFunction,200,0.10,1000.0


Shading Summary

,,Number of Fixed Detached Shades,Number of Building Detached Shades,Number of Attached Shades
,1,0,0,0


Zone Summary

,,Number of Zones,Number of Zone Surfaces,Number of SubSurfaces
,1,1,12,4


Zone Information

,,Zone Name,North Axis {deg},Origin X-Coordinate {m},Origin Y-Coordinate {m},Origin Z-Coordinate {m},Centroid X-Coordinate {m},Centroid Y-Coordinate {m},Centroid Z-Coordinate {m},Type,Zone Multiplier,Zone List Multiplier,Minimum X {m},Maximum X {m},Minimum Y {m},Maximum Y {m},Minimum Z {m},Maximum Z {m},Ceiling Height {m},Volume {m3},Zone Inside Convection Algorithm {Simple-Detailed-CeilingDiffuser-TrombeWall},Zone Outside Convection Algorithm {Simple-Detailed-Tarp-MoWitt-DOE-2-BLAST},Floor Area {m2},Exterior Gross Wall Area {m2},Exterior Net Wall Area {m2},Exterior Window Area {m2},Number of Surfaces,Number of SubSurfaces,Number of Shading SubSurfaces,Part of Total Building Area
,1,NCAFETERIA,0.0,0.00,9.83,0.00,6.92,7.25,1.75,1,1,1,0.00,11.95,0.00,14.00,0.00,3.50,3.50,450.55,TARP,DOE-2,128.73,134.68,36.66,98.02,8,4,0,Yes


Zone Internal Gains Nominal

,,Zone Name,Floor Area {m2},# Occupants,Area per Occupant {m2/person},Occupant per Area {person/m2},Interior Lighting {W/m2},Electric Load {W/m2},Gas Load {W/m2},Other Load {W/m2},Hot Water Eq {W/m2},Steam Equipment {W/m2},Sum Loads per Area {W/m2},Outdoor Controlled Baseboard Heat
,1,NCAFETERIA,128.73,0.0,N/A,0.000,0.000,0.000,0.000,0.000,0.000,0.000,0.000,No


Shadowing/Sun Position Calculations Annual Simulations

,,Shading Calculation Method,Shading Calculation Update Frequency Method,Shading Calculation Update Frequency {days},Maximum Figures in Shadow Overlap Calculations {},Polygon Clipping Algorithm,Pixel Counting Resolution,Sky Diffuse Modeling Algorithm,Output External Shading Calculation Results,Disable Self-Shading Within Shading Zone Groups,Disable Self-Shading From Shading Zone Groups to Other Zones
,1,PolygonClipping,Periodic,20,15000,SutherlandHodgman,512,SimpleSkyDiffuseModeling,No,No,No


RoomAir Model

,,Zone Name,Mixing/Mundt/UCSDDV/UCSDCV/UCSDUFI/UCSDUFE/User Defined
,1,NCAFETERIA,Mixing/Well-Stirred


AirflowNetwork Model:Control

,,No Multizone or Distribution/Multizone with Distribution/Multizone without Distribution/Multizone with Distribution only during Fan Operation
,1,MultizoneWithoutDistribution


AirflowNetwork Model:Wind Direction

,,Wind Direction #1 to n (degree)
,1,0.0


AirflowNetwork Model:Wind Pressure Coefficients

,,Name,Wind Pressure Coefficients #1 to n (dimensionless)
,1,!WPCTABLE1,0.60
,2,!WPCTABLE2,-0.44
,3,!WPCTABLE3,-0.36
,4,!WPCTABLE4,-0.44


Zone Volume Capacitance Multiplier

,,Sensible Heat Capacity Multiplier,Moisture Capacity Multiplier,Carbon Dioxide Capacity Multiplier,Generic Contaminant Capacity Multiplier
,1,1.000,1.000,1.000,1.000


Environment

,,Environment Name,Environment Type,Start Date,End Date,Start DayOfWeek,Duration {#days},Source:Start DayOfWeek,Use Daylight Saving,Use Holidays,Apply Weekend Holiday Rule,Use Rain Values,Use Snow Values,Sky Temperature Model
,1,RUN PERIOD 1,WeatherFileRunPeriod,01/01/2018,01/31/2018,Monday,31,Use RunPeriod Specified Day,No,No,No,Yes,Yes,Clark and Allen


Environment:Daylight Saving

,,Daylight Saving Indicator,Source,Start Date,End Date
,1,No,RunPeriod Object,,


Environment:WarmupDays

,,NumberofWarmupDays
,1,3


Warmup Convergence Information

,,Zone Name,Environment Type/Name,Average Warmup Temperature Difference {deltaC},Std Dev Warmup Temperature Difference {deltaC},Max Temperature Pass/Fail Convergence,Min Temperature Pass/Fail Convergence,Average Warmup Load Difference {W},Std Dev Warmup Load Difference {W},Heating Load Pass/Fail Convergence,Cooling Load Pass/Fail Convergence
,1,NCAFETERIA,RunPeriod: RUN PERIOD 1,0.0000000000,0.0000000000,Pass,Pass,0.0000000000,0.0000000000,Pass,Pass


----------------------------------------------------------------------------------------------------
REPORT:,Annual Heat Emissions Summary
FOR:,Entire Facility
Heat Emission by Components

,,Envelope Convection,Zone Exfiltration,Zone Exhaust Air,HVAC Relief Air,HVAC Reject Heat,Total
,Heat Emissions [GJ],-NAN,-0.0,0.00,0.00,0.00,-NAN


----------------------------------------------------------------------------------------------------
REPORT:,Climatic Data Summary
FOR:,Entire Facility
SizingPeriod:DesignDay

,,Maximum Dry Bulb [C],Daily Temperature Range [deltaC],Humidity Value,Humidity Type,Wind Speed [m/s],Wind Direction
,None,,,,,,


Monthly Precipitation Summary

,,Monthly Total Precipitation from .epw [mm],Monthly Total Hours of Rain from .epw,Monthly Total Precipitation in Site:Precipitation [mm],Monthly Total Roof Irrigation Depth [mm],Monthly Total Rain Collection Volume [m3]
,Jan,0.00,0,,,
,Feb,0.00,0,,,
,Mar,0.00,0,,,
,Apr,0.00,0,,,
,May,0.00,0,,,
,Jun,0.00,0,,,
,Jul,0.00,0,,,
,Aug,0.00,0,,,
,Sep,0.00,0,,,
,Oct,0.00,0,,,
,Nov,0.00,0,,,
,Dec,0.00,0,,,


Weather Statistics File

,,Value
,Reference,epw_T23_24_HR23_24_ws05CST
,Site:Location,Temixco Morelos MEX
,Latitude,{N 18� 30'}
,Longitude,{W  99�  8'}
,Time Zone,{GMT -6.0 Hours}
,Elevation (m) above sea level,1280
,Standard Pressure at Elevation,86864Pa
,Data Source,---
,WMO Station,*unknown*
,Maximum Dry Bulb Temperature (C),24.0°
,Maximum Dry Bulb Occurs on,Jan 20
,Minimum Dry Bulb Temperature (C),23.0°
,Minimum Dry Bulb Occurs on,Jan  1
,Maximum Dew Point Temperature (C),2.2°
,Maximum Dew Point Occurs on,Jan 20
,Minimum Dew Point Temperature (C),0.8°
,Minimum Dew Point Occurs on,Jan  1
,ASHRAE Handbook 2009  Cooling Degree-Days (base 10°C),not found
,Weather File Cooling Degree-Days (base 10°C),****
,ASHRAE Handbook 2009 Heating Degree-Days (base 18.3°C),not found
,Weather File Heating Degree-Days (base 18°C),0


----------------------------------------------------------------------------------------------------
REPORT:,Envelope Summary
FOR:,Entire Facility
Opaque Exterior

,,Construction,Reflectance,U-Factor with Film [W/m2-K],U-Factor no Film [W/m2-K],Gross Area [m2],Net Area [m2],Azimuth [deg],Tilt [deg],Cardinal Direction
,NCAFETERIA-MUROEVAP,NO MASS,1.00,0.000,0.000,49.00,1.74,90.00,90.00,E
,NCAFETERIA-MUROOESTEEVAP,NO MASS,1.00,0.000,0.000,34.41,1.32,270.00,90.00,W
,NCAFETERIA-MUROSUR 1,NO MASS,1.00,0.000,0.000,41.82,32.98,180.00,90.00,S
,SURFACE 31,NO MASS,1.00,0.000,0.000,9.45,0.61,0.00,90.00,N


Opaque Interior

,,Construction,Reflectance,U-Factor with Film [W/m2-K],U-Factor no Film [W/m2-K],Gross Area [m2],Net Area [m2],Azimuth [deg],Tilt [deg],Cardinal Direction
,NCAFETERIA-DIVISIONCAFETERIA,NO MASS,1.00,0.000,0.000,32.38,32.38,0.00,90.00,N
,NCAFETERIA-DIVISIONCAFETERIA_OESTE,NO MASS,1.00,0.000,0.000,14.59,14.59,270.00,90.00,W
,NCAFETERIA-PISO 1,NO MASS,1.00,0.000,0.000,128.73,128.73,0.00,180.00,
,NCAFETERIA-TECHO 1,NO MASS,1.00,0.000,0.000,128.73,128.73,0.00,0.00,


Exterior Fenestration

,,Construction,Frame and Divider,Glass Area [m2],Frame Area [m2],Divider Area [m2],Area of One Opening [m2],Area of Multiplied Openings [m2],Glass U-Factor [W/m2-K],Glass SHGC,Glass Visible Transmittance,Frame Conductance [W/m2-K],Divider Conductance [W/m2-K],NFRC Product Type,Assembly U-Factor [W/m2-K],Assembly SHGC,Assembly Visible Transmittance,Shade Control,Parent Surface,Azimuth [deg],Tilt [deg],Cardinal Direction
,NCAFETERIA_ENTRADA,ASHRAE 189.1-2009 EXTWINDOW CLIMATEZONE 4-5,,47.26,0.00,0.00,47.26,47.26,0.000,0.499,0.000,,,,,,,No,NCAFETERIA-MUROEVAP,90.00,90.00,E
,NCAFETERIA_VENTANAOESTE,ASHRAE 189.1-2009 EXTWINDOW CLIMATEZONE 4-5,,33.08,0.00,0.00,33.08,33.08,0.000,0.499,0.000,,,,,,,No,NCAFETERIA-MUROOESTEEVAP,270.00,90.00,W
,SUB SURFACE 1,ASHRAE 189.1-2009 EXTWINDOW CLIMATEZONE 4-5,,8.84,0.00,0.00,8.84,8.84,0.000,0.499,0.000,,,,,,,No,NCAFETERIA-MUROSUR 1,180.00,90.00,S
,SUB SURFACE 2,ASHRAE 189.1-2009 EXTWINDOW CLIMATEZONE 4-5,,8.84,0.00,0.00,8.84,8.84,0.000,0.499,0.000,,,,,,,No,SURFACE 31,0.00,90.00,N
,Total or Average,,,,,,,98.02,0.000,0.499,0.000,,,,,,,,,,,
,North Total or Average,,,,,,,8.84,0.000,0.499,0.000,,,,,,,,,,,
,Non-North Total or Average,,,,,,,89.18,0.000,0.499,0.000,,,,,,,,,,,


Exterior Fenestration Shaded State

,,Frame and Divider,Glass U-Factor [W/m2-K],Glass SHGC,Glass Visible Transmittance,NFRC Product Type,Assembly U-Factor [W/m2-K],Assembly SHGC,Assembly Visible Transmittance
,None,,,,,,,,


Interior Fenestration

,,Construction,Area of One Opening [m2],Area of Openings [m2],Glass U-Factor [W/m2-K],Glass SHGC,Glass Visible Transmittance
,Total or Average,,,0.00,-,-,-


Exterior Door

,,Construction,U-Factor with Film [W/m2-K],U-Factor no Film [W/m2-K],Gross Area [m2],Parent Surface
,None,,,,,


Interior Door

,,Construction,U-Factor with Film [W/m2-K],U-Factor no Film [W/m2-K],Gross Area [m2],Parent Surface
,None,,,,,


----------------------------------------------------------------------------------------------------
REPORT:,Shading Summary
FOR:,Entire Facility
Sunlit Fraction

,,March 21 9am,March 21 noon,March 21 3pm,June 21 9am,June 21 noon,June 21 3pm,December 21 9am,December 21 noon,December 21 3pm
,None,,,,,,,,,


Window Control

,,Name,Type,Shaded Construction,Control,Glare Control
,None,,,,,


----------------------------------------------------------------------------------------------------
REPORT:,Lighting Summary
FOR:,Entire Facility
Interior Lighting

,,Zone Name,Space Name,Space Type,Lighting Power Density [W/m2],Space Area [m2],Total Power [W],End Use Subcategory,Schedule Name,Scheduled Hours/Week [hr],Hours/Week > 1% [hr],Full Load Hours/Week [hr],Return Air Fraction,Conditioned (Y/N),Consumption [GJ]
,Interior Lighting Total,,,,0.0000,0.00,0.00,,,,,,,,0.00


Daylighting

,,Zone,Control Name,Daylighting Method,Control Type,Fraction Controlled,Lighting Installed in Zone [W],Lighting Controlled [W]
,None,,,,,,,


Exterior Lighting

,,Total Watts,Astronomical Clock/Schedule,Schedule Name,Scheduled Hours/Week [hr],Hours/Week > 1% [hr],Full Load Hours/Week [hr],Consumption [GJ]
,Exterior Lighting Total,0.00,,,,,,0.00


----------------------------------------------------------------------------------------------------
REPORT:,Equipment Summary
FOR:,Entire Facility
Central Plant

,,Type,Reference Capacity [W],Reference Efficiency [W/W],Rated Capacity [W],Rated Efficiency [W/W],IPLV in SI Units [W/W],IPLV in IP Units [Btu/W-h]
,None,,,,,,,


Cooling Coils

,,Type,Design Coil Load [W],Nominal Total Capacity [W],Nominal Sensible Capacity [W],Nominal Latent Capacity [W],Nominal Sensible Heat Ratio,Nominal Efficiency [W/W],Nominal Coil UA Value [W/C],Nominal Coil Surface Area [m2]
,None,,,,,,,,,


DX Cooling Coils

,,DX Cooling Coil Type,Standard Rated Net Cooling Capacity [W],Standard Rated Net COP [W/W],EER [Btu/W-h],SEER User [Btu/W-h],SEER Standard [Btu/W-h],IEER [Btu/W-h]
,None,,,,,,,


DX Cooling Coil ASHRAE 127 Standard Ratings Report

,,DX Cooling Coil Type,Rated Net Cooling Capacity Test A [W],Rated Electric Power Test A [W],Rated Net Cooling Capacity Test B [W],Rated Electric Power Test B [W],Rated Net Cooling Capacity Test C [W],Rated Electric Power Test C [W],Rated Net Cooling Capacity Test D [W],Rated Electric Power Test D [W]
,None,,,,,,,,,


DX Heating Coils

,,DX Heating Coil Type,High Temperature Heating (net) Rating Capacity [W],Low Temperature Heating (net) Rating Capacity [W],HSPF [Btu/W-h],Region Number
,None,,,,,


Heating Coils

,,Type,Design Coil Load [W],Nominal Total Capacity [W],Nominal Efficiency [W/W]
,None,,,,


Fans

,,Type,Total Efficiency [W/W],Delta Pressure [pa],Max Air Flow Rate [m3/s],Rated Electricity Rate [W],Rated Power Per Max Air Flow Rate [W-s/m3],Motor Heat In Air Fraction,Fan Energy Index,End Use Subcategory,Design Day Name for Fan Sizing Peak,Date/Time for Fan Sizing Peak
,None,,,,,,,,,,,


Pumps

,,Type,Control,Head [pa],Water Flow [m3/s],Electricity Rate [W],Power Per Water Flow Rate [W-s/m3],Motor Efficiency [W/W],End Use Subcategory
,None,,,,,,,,


Service Water Heating

,,Type,Storage Volume [m3],Input [W],Thermal Efficiency [W/W],Recovery Efficiency [W/W],Energy Factor
,None,,,,,,


----------------------------------------------------------------------------------------------------
REPORT:,HVAC Sizing Summary
FOR:,Entire Facility
Zone Sensible Cooling

,,Calculated Design Load [W],User Design Load [W],User Design Load per Area [W/m2],Calculated Design Air Flow [m3/s],User Design Air Flow [m3/s],Design Day Name,Date/Time Of Peak {TIMESTAMP},Thermostat Setpoint Temperature at Peak Load [C],Indoor Temperature at Peak Load [C],Indoor Humidity Ratio at Peak Load [kgWater/kgDryAir],Outdoor Temperature at Peak Load [C],Outdoor Humidity Ratio at Peak Load [kgWater/kgDryAir],Minimum Outdoor Air Flow Rate [m3/s],Heat Gain Rate from DOAS [W]
,None,,,,,,,,,,,,,,
The Design Load is the zone sensible load only. It does not include any system effects or ventilation loads.


Zone Sensible Heating

,,Calculated Design Load [W],User Design Load [W],User Design Load per Area [W/m2],Calculated Design Air Flow [m3/s],User Design Air Flow [m3/s],Design Day Name,Date/Time Of Peak {TIMESTAMP},Thermostat Setpoint Temperature at Peak Load [C],Indoor Temperature at Peak Load [C],Indoor Humidity Ratio at Peak Load [kgWater/kgDryAir],Outdoor Temperature at Peak Load [C],Outdoor Humidity Ratio at Peak Load [kgWater/kgDryAir],Minimum Outdoor Air Flow Rate [m3/s],Heat Gain Rate from DOAS [W]
,None,,,,,,,,,,,,,,
The Design Load is the zone sensible load only. It does not include any system effects or ventilation loads.


System Design Air Flow Rates

,,Calculated cooling [m3/s],User cooling [m3/s],Calculated heating [m3/s],User heating [m3/s],Adjusted cooling [m3/s],Adjusted heating [m3/s],Adjusted main [m3/s],Calculated Heating Air Flow Ratio [],User Heating Air Flow Ratio []
,None,,,,,,,,,


Plant Loop Coincident Design Fluid Flow Rate Adjustments

,,Previous Design Volume Flow Rate [m3/s],Algorithm Volume Flow Rate [m3/s],Coincident Design Volume Flow Rate [m3/s],Coincident Size Adjusted,Peak Sizing Period Name,Peak Day into Period {TIMESTAMP}[day],Peak Hour Of Day {TIMESTAMP}[hr],Peak Step Start Minute {TIMESTAMP}[min]
,None,,,,,,,,


Coil Sizing Summary

,,Coil Type,HVAC Type,HVAC Name,Coil Final Gross Total Capacity [W],Coil Final Gross Sensible Capacity [W],Coil Final Reference Air Volume Flow Rate [m3/s],Coil Final Reference Plant Fluid Volume Flow Rate [m3/s],Coil U-value Times Area Value [W/K],Design Day Name at Sensible Ideal Loads Peak,Date/Time at Sensible Ideal Loads Peak,Design Day Name at Air Flow Ideal Loads Peak,Date/Time at Air Flow Ideal Loads Peak,Coil Total Capacity at Ideal Loads Peak [W],Coil Sensible Capacity at Ideal Loads Peak [W],Coil Air Volume Flow Rate at Ideal Loads Peak [m3/s],Coil Entering Air Drybulb at Ideal Loads Peak [C],Coil Entering Air Wetbulb at Ideal Loads Peak [C],Coil Entering Air Humidity Ratio at Ideal Loads Peak [kgWater/kgDryAir],Coil Leaving Air Drybulb at Ideal Loads Peak [C],Coil Leaving Air Wetbulb at Ideal Loads Peak [C],Coil Leaving Air Humidity Ratio at Ideal Loads Peak [kgWater/kgDryAir],Outdoor Air Drybulb at Ideal Loads Peak [C],Outdoor Air Humidity Ratio at Ideal Loads Peak [kgWater/kgDryAir],Outdoor Air Wetbulb at Ideal Loads Peak [C],Outdoor Air Flow Percentage at Ideal Loads Peak [%],Zone Air Drybulb at Ideal Loads Peak [C],Zone Air Humidity Ratio at Ideal Loads Peak [kgWater/kgDryAir],Zone Air Relative Humidity at Ideal Loads Peak [%],Zone Sensible Heat Gain at Ideal Loads Peak [W],Zone Latent Heat Gain at Ideal Loads Peak [W],Coil Total Capacity at Rating Conditions [W],Coil Sensible Capacity at Rating Conditions [W]
,None,,,,,,,,,,,,,,,,,,,,,,,,,,,,,,,,


----------------------------------------------------------------------------------------------------
REPORT:,Coil Sizing Details
FOR:,Entire Facility
Coils

,,Coil Type,Coil Location,HVAC Type,HVAC Name,Zone Name(s),System Sizing Method Concurrence,System Sizing Method Capacity,System Sizing Method Air Flow,Autosized Coil Capacity?,Autosized Coil Airflow?,Autosized Coil Water Flow?,OA Pretreated prior to coil inlet?,Coil Final Gross Total Capacity [W],Coil Final Gross Sensible Capacity [W],Coil Final Reference Air Volume Flow Rate [m3/s],Coil Final Reference Plant Fluid Volume Flow Rate [m3/s],Coil U-value Times Area Value [W/K],Terminal Unit Reheat Coil Multiplier,DX Coil Capacity Increase Ratio from Too Low Flow/Capacity Ratio,DX Coil Capacity Decrease Ratio from Too High Flow/Capacity Ratio,Moist Air Heat Capacity [J/kg-K],Dry Air Heat Capacity [J/kg-K],Standard Air Density Adjusted for Elevation [kg/m3],Supply Fan Name for Coil,Supply Fan Type for Coil,Supply Fan Maximum Air Volume Flow Rate [m3/s],Supply Fan Maximum Air Mass Flow Rate [kg/s],Plant Name for Coil,Plant Fluid Specific Heat Capacity [J/kg-K],Plant Fluid Density [kg/m3],Plant Maximum Fluid Mass Flow Rate [kg/s],Plant Design Fluid Return Temperature [C],Plant Design Fluid Supply Temperature [C],Plant Design Fluid Temperature Difference [deltaC],Plant Design Capacity [W],Coil Capacity Percentage of Plant Design Capacity [%],Coil Fluid Flow Rate Percentage of Plant Design Flow Rate [%],Design Day Name at Sensible Ideal Loads Peak,Date/Time at Sensible Ideal Loads Peak,Design Day Name at Total Ideal Loads Peak,Date/Time at Total Ideal Loads Peak,Design Day Name at Air Flow Ideal Loads Peak,Date/Time at Air Flow Ideal Loads Peak,Peak Load Type to Size On,Coil Total Capacity at Ideal Loads Peak [W],Coil Sensible Capacity at Ideal Loads Peak [W],Coil Off-Rating Capacity Modifier at Ideal Loads Peak [ ],Coil Air Mass Flow Rate at Ideal Loads Peak [kg/s],Coil Air Volume Flow Rate at Ideal Loads Peak [m3/s],Coil Entering Air Drybulb at Ideal Loads Peak [C],Coil Entering Air Wetbulb at Ideal Loads Peak [C],Coil Entering Air Humidity Ratio at Ideal Loads Peak [kgWater/kgDryAir],Coil Entering Air Enthalpy at Ideal Loads Peak [J/KG-K],Coil Leaving Air Drybulb at Ideal Loads Peak [C],Coil Leaving Air Wetbulb at Ideal Loads Peak [C],Coil Leaving Air Humidity Ratio at Ideal Loads Peak [kgWater/kgDryAir],Coil Leaving Air Enthalpy at Ideal Loads Peak [J/KG-K],Coil Plant Fluid Mass Flow Rate at Ideal Loads Peak [kg/s],Coil Entering Plant Fluid Temperature at Ideal Loads Peak [C],Coil Leaving Plant Fluid Temperature at Ideal Loads Peak [C],Coil Plant Fluid Temperature Difference at Ideal Loads Peak [deltaC],Supply Fan Air Heat Gain at Ideal Loads Peak [W],Coil and Fan Net Total Capacity at Ideal Loads Peak [W],Outdoor Air Drybulb at Ideal Loads Peak [C],Outdoor Air Humidity Ratio at Ideal Loads Peak [kgWater/kgDryAir],Outdoor Air Wetbulb at Ideal Loads Peak [C],Outdoor Air Volume Flow Rate at Ideal Loads Peak [m3/s],Outdoor Air Flow Percentage at Ideal Loads Peak [%],System Return Air Drybulb at Ideal Loads Peak [C],System Return Air Humidity Ratio at Ideal Loads Peak [kgWater/kgDryAir],Zone Air Drybulb at Ideal Loads Peak [C],Zone Air Humidity Ratio at Ideal Loads Peak [kgWater/kgDryAir],Zone Air Relative Humidity at Ideal Loads Peak [%],Zone Sensible Heat Gain at Ideal Loads Peak [W],Zone Latent Heat Gain at Ideal Loads Peak [W],Coil Total Capacity at Rating Conditions [W],Coil Sensible Capacity at Rating Conditions [W],Coil Air Mass Flow Rate at Rating Conditions [kg/s],Coil Entering Air Drybulb at Rating Conditions [C],Coil Entering Air Wetbulb at Rating Conditions [C],Coil Entering Air Humidity Ratio at Rating Conditions [kgWater/kgDryAir],Coil Entering Air Enthalpy at Rating Conditions [J/KG-K],Coil Leaving Air Drybulb at Rating Conditions [C],Coil Leaving Air Wetbulb at Rating Conditions [C],Coil Leaving Air Humidity Ratio at Rating Conditions [kgWater/kgDryAir],Coil Leaving Air Enthalpy at Rating Conditions [J/KG-K]
,None,,,,,,,,,,,,,,,,,,,,,,,,,,,,,,,,,,,,,,,,,,,,,,,,,,,,,,,,,,,,,,,,,,,,,,,,,,,,,,,,,,,,,,


----------------------------------------------------------------------------------------------------
REPORT:,System Summary
FOR:,Entire Facility
Economizer

,,High Limit Shutoff Control,Minimum Outdoor Air [m3/s],Maximum Outdoor Air [m3/s],Return Air Temp Limit,Return Air Enthalpy Limit,Outdoor Air Temperature Limit [C],Outdoor Air Enthalpy Limit [C]
,None,,,,,,,


Demand Controlled Ventilation using Controller:MechanicalVentilation

,,Controller:MechanicalVentilation Name,Outdoor Air Per Person [m3/s-person],Outdoor Air Per Area [m3/s-m2],Outdoor Air Per Zone [m3/s],Outdoor Air ACH [ach],Outdoor Air Method,Outdoor Air Schedule Name,Air Distribution Effectiveness in Cooling Mode,Air Distribution Effectiveness in Heating Mode,Air Distribution Effectiveness Schedule Name
,None,,,,,,,,,,


Time Not Comfortable Based on Simple ASHRAE 55-2004

,,Winter Clothes [hr],Summer Clothes [hr],Summer or Winter Clothes [hr]
,NCAFETERIA,0.00,0.00,0.00
,Facility,0.00,0.00,0.00
Aggregated over the RunPeriods for Weather


Time Setpoint Not Met

,,During Heating [hr],During Cooling [hr],During Occupied Heating [hr],During Occupied Cooling [hr]
,NCAFETERIA,0.00,0.00,0.00,0.00
,Facility,0.00,0.00,0.00,0.00
Aggregated over the RunPeriods for Weather


----------------------------------------------------------------------------------------------------
REPORT:,Outdoor Air Summary
FOR:,Entire Facility
Average Outdoor Air During Occupied Hours

,,Average Number of Occupants,Nominal Number of Occupants,Zone Volume [m3],Mechanical Ventilation [ach],Infiltration [ach],AFN Infiltration [ach],Simple Ventilation [ach]
,None,,,,,,,
Values shown for a single zone without multipliers


Minimum Outdoor Air During Occupied Hours

,,Average Number of Occupants,Nominal Number of Occupants,Zone Volume [m3],Mechanical Ventilation [ach],Infiltration [ach],AFN Infiltration [ach],Simple Ventilation [ach]
,None,,,,,,,
Values shown for a single zone without multipliers


----------------------------------------------------------------------------------------------------
REPORT:,Outdoor Air Details
FOR:,Entire Facility
Mechanical Ventilation Parameters by Zone

,,AirLoop Name,Average Number of Occupants,Nominal Number of Occupants,Zone Volume [m3],Zone Area [m2],Design Zone Outdoor Airflow - Voz [m3/s],Minimum Dynamic Target Ventilation - Voz-dyn-min [m3/s]
,Total Facility,,0.00,0.00,0.00,0.00,0.0000,0.000


Total Outdoor Air by Zone

,,Mechanical Ventilation [m3],Natural Ventilation [m3],Total Ventilation [m3],Infiltration [m3],Total Ventilation and Infiltration [m3],Dynamic Target Ventilation - Voz-dyn [m3],Time Below Voz-dyn [hr],Time At Voz-dyn [hr],Time Above Voz-dyn [hr],Time Above Zero When Unoccupied [hr]
,Total Facility,0.00,0.00,0.00,0.00,0.00,0.00,0.00,0.00,0.00,0.00


Average Outdoor Air During Occupancy by Zone - Flow Rates

,,Mechanical Ventilation [m3/s],Natural Ventilation [m3/s],Total Ventilation [m3/s],Infiltration [m3/s],Total Ventilation and Infiltration [m3/s],Dynamic Target Ventilation - Voz-dyn [m3/s],Time Below Voz-dyn [hr],Time At Voz-dyn [hr],Time Above Voz-dyn [hr]
,Total Facility,0.0000,0.0000,0.0000,0.0000,0.0000,0.0000,0.00,0.00,0.00


Total Outdoor Air by AirLoop

,,Mechanical Ventilation [m3],Natural Ventilation [m3/s],Total Ventilation [m3/s],Sum Zone Dynamic Target Ventilation - Voz-sum-dyn [m3],Time Below Voz-sum-dyn [hr],Time At Voz-sum-dyn [hr],Time Above Voz-sum-dyn [hr],Time Above Zero When Unoccupied [hr]
,None,,,,,,,,


Average Outdoor Air During Occupancy by AirLoop

,,Mechanical Ventilation [m3/s],Natural Ventilation [m3/s],Total Ventilation [m3/s],Sum Zone Dynamic Target Ventilation - Voz-sum-dyn [m3/s],Time Below Voz-sum-dyn [hr],Time At Voz-sum-dyn [hr],Time Above Voz-sum-dyn [hr]
,None,,,,,,,


Outdoor Air Controller Limiting Factors by AirLoop

,,No Limiting Factor [hr],Limits and Scheduled Limits [hr],Economizer [hr],Exhaust Flow [hr],Mixed Air Flow [hr],High Humidity [hr],Demand Controlled Ventilation [hr],Night Ventilation [hr],Demand Limiting [hr],Energy Management System [hr]
,None,,,,,,,,,,


Average Outdoor Air for Limiting Factors During Occupancy

,,No Limiting Factor [m3/s],Limits and Scheduled Limits [m3/s],Economizer [m3/s],Exhaust Flow [m3/s],Mixed Air Flow [m3/s],High Humidity [m3/s],Demand Controlled Ventilation [m3/s],Night Ventilation [m3/s],Demand Limiting [m3/s],Energy Management System [m3/s]
,None,,,,,,,,,,


----------------------------------------------------------------------------------------------------
REPORT:,Object Count Summary
FOR:,Entire Facility
Surfaces by Class

,,Total,Outdoors
,Wall,6,4
,Floor,1,0
,Roof,1,0
,Internal Mass,0,0
,Building Detached Shading,0,0
,Fixed Detached Shading,0,0
,Window,4,4
,Door,0,0
,Glass Door,0,0
,Shading,0,0
,Overhang,0,0
,Fin,0,0
,Tubular Daylighting Device Dome,0,0
,Tubular Daylighting Device Diffuser,0,0


HVAC

,,Count
,HVAC Air Loops,0
,Conditioned Zones,0
,Unconditioned Zones,1
,Supply Plenums,0
,Return Plenums,0


Input Fields

,,Count
,IDF Objects,73
,Defaulted Fields,75
,Fields with Defaults,283
,Autosized Fields,0
,Autosizable Fields,0
,Autocalculated Fields,27
,Autocalculatable Fields,27


----------------------------------------------------------------------------------------------------
REPORT:,Energy Meters
FOR:,Entire Facility
Annual and Peak Values - Electricity

,,Electricity Annual Value [GJ],Electricity Minimum Value [W],Timestamp of Minimum {TIMESTAMP},Electricity Maximum Value [W],Timestamp of Maximum {TIMESTAMP}
,None,,,,,


Annual and Peak Values - Natural Gas

,,Natural Gas Annual Value [GJ],Natural Gas Minimum Value [W],Timestamp of Minimum {TIMESTAMP},Natural Gas Maximum Value [W],Timestamp of Maximum {TIMESTAMP}
,None,,,,,


Annual and Peak Values - Cooling

,,Cooling Annual Value [GJ],Cooling Minimum Value [W],Timestamp of Minimum {TIMESTAMP},Cooling Maximum Value [W],Timestamp of Maximum {TIMESTAMP}
,None,,,,,


Annual and Peak Values - Water

,,Annual Value [m3],Minimum Value [m3/s],Timestamp of Minimum {TIMESTAMP},Maximum Value [m3/s],Timestamp of Maximum {TIMESTAMP}
,None,,,,,


Annual and Peak Values - Other by Weight/Mass

,,Annual Value [kg],Minimum Value [kg/s],Timestamp of Minimum {TIMESTAMP},Maximum Value [kg/s],Timestamp of Maximum {TIMESTAMP}
,Carbon Equivalent:Facility,0.00,0.000,01-JAN-00:01,0.000,01-JAN-00:01
,CarbonEquivalentEmissions:Carbon Equivalent,0.00,0.000,01-JAN-00:01,0.000,01-JAN-00:01


Annual and Peak Values - Other Volumetric

,,Annual Value [m3],Minimum Value [m3/s],Timestamp of Minimum {TIMESTAMP},Maximum Value [m3/s],Timestamp of Maximum {TIMESTAMP}
,None,,,,,


Annual and Peak Values - Other Liquid/Gas

,,Annual Value [L],Minimum Value [L],Timestamp of Minimum {TIMESTAMP},Maximum Value [L],Timestamp of Maximum {TIMESTAMP}
,None,,,,,


Annual and Peak Values - Other

,,Annual Value [GJ],Minimum Value [W],Timestamp of Minimum {TIMESTAMP},Maximum Value [W],Timestamp of Maximum {TIMESTAMP}
,EnergyTransfer:Facility,0.00,0.00,01-JAN-00:01,0.00,01-JAN-00:01
,EnergyTransfer:Building,0.00,0.00,01-JAN-00:01,0.00,01-JAN-00:01
,EnergyTransfer:Zone:NCAFETERIA,0.00,0.00,01-JAN-00:01,0.00,01-JAN-00:01
,Heating:EnergyTransfer,0.00,0.00,01-JAN-00:01,0.00,01-JAN-00:01
,Heating:EnergyTransfer:Zone:NCAFETERIA,0.00,0.00,01-JAN-00:01,0.00,01-JAN-00:01
,General:Heating:EnergyTransfer,0.00,0.00,01-JAN-00:01,0.00,01-JAN-00:01
,General:Heating:EnergyTransfer:Zone:NCAFETERIA,0.00,0.00,01-JAN-00:01,0.00,01-JAN-00:01
,Cooling:EnergyTransfer,0.00,0.00,01-JAN-00:01,0.00,01-JAN-00:01
,Cooling:EnergyTransfer:Zone:NCAFETERIA,0.00,0.00,01-JAN-00:01,0.00,01-JAN-00:01
,General:Cooling:EnergyTransfer,0.00,0.00,01-JAN-00:01,0.00,01-JAN-00:01
,General:Cooling:EnergyTransfer:Zone:NCAFETERIA,0.00,0.00,01-JAN-00:01,0.00,01-JAN-00:01


----------------------------------------------------------------------------------------------------
REPORT:,Sensible Heat Gain Summary
FOR:,Entire Facility
Annual Building Sensible Heat Gain Components

,,HVAC Zone Eq & Other Sensible Air Heating [GJ],HVAC Zone Eq & Other Sensible Air Cooling [GJ],HVAC Terminal Unit Sensible Air Heating [GJ],HVAC Terminal Unit Sensible Air Cooling [GJ],HVAC Input Heated Surface Heating [GJ],HVAC Input Cooled Surface Cooling [GJ],People Sensible Heat Addition [GJ],Lights Sensible Heat Addition [GJ],Equipment Sensible Heat Addition [GJ],Window Heat Addition [GJ],Interzone Air Transfer Heat Addition [GJ],Infiltration Heat Addition [GJ],Opaque Surface Conduction and Other Heat Addition [GJ],Equipment Sensible Heat Removal [GJ],Window Heat Removal [GJ],Interzone Air Transfer Heat Removal [GJ],Infiltration Heat Removal [GJ],Opaque Surface Conduction and Other Heat Removal [GJ]
,NCAFETERIA,0.000,0.000,0.000,0.000,0.000,0.000,0.000,0.000,0.000,0.000,0.000,0.000,0.000,0.000,0.000,0.000,-0.000,-0.000
,Total Facility,0.000,0.000,0.000,0.000,0.000,0.000,0.000,0.000,0.000,0.000,0.000,0.000,0.000,0.000,0.000,0.000,-0.000,-0.000


Peak Cooling Sensible Heat Gain Components

,,Time of Peak {TIMESTAMP},HVAC Zone Eq & Other Sensible Air Heating [W],HVAC Zone Eq & Other Sensible Air Cooling [W],HVAC Terminal Unit Sensible Air Heating [W],HVAC Terminal Unit Sensible Air Cooling [W],HVAC Input Heated Surface Heating [W],HVAC Input Cooled Surface Cooling [W],People Sensible Heat Addition [W],Lights Sensible Heat Addition [W],Equipment Sensible Heat Addition [W],Window Heat Addition [W],Interzone Air Transfer Heat Addition [W],Infiltration Heat Addition [W],Opaque Surface Conduction and Other Heat Addition [W],Equipment Sensible Heat Removal [W],Window Heat Removal [W],Interzone Air Transfer Heat Removal [W],Infiltration Heat Removal [W],Opaque Surface Conduction and Other Heat Removal [W]
,NCAFETERIA,-,0.00,0.00,0.00,0.00,0.00,0.00,0.00,0.00,0.00,0.00,0.00,0.00,0.00,0.00,0.00,0.00,0.00,0.00
,Total Facility,-,0.00,0.00,0.00,0.00,0.00,0.00,0.00,0.00,0.00,0.00,0.00,0.00,0.00,0.00,0.00,0.00,0.00,0.00


Peak Heating Sensible Heat Gain Components

,,Time of Peak {TIMESTAMP},HVAC Zone Eq & Other Sensible Air Heating [W],HVAC Zone Eq & Other Sensible Air Cooling [W],HVAC Terminal Unit Sensible Air Heating [W],HVAC Terminal Unit Sensible Air Cooling [W],HVAC Input Heated Surface Heating [W],HVAC Input Cooled Surface Cooling [W],People Sensible Heat Addition [W],Lights Sensible Heat Addition [W],Equipment Sensible Heat Addition [W],Window Heat Addition [W],Interzone Air Transfer Heat Addition [W],Infiltration Heat Addition [W],Opaque Surface Conduction and Other Heat Addition [W],Equipment Sensible Heat Removal [W],Window Heat Removal [W],Interzone Air Transfer Heat Removal [W],Infiltration Heat Removal [W],Opaque Surface Conduction and Other Heat Removal [W]
,NCAFETERIA,-,0.00,0.00,0.00,0.00,0.00,0.00,0.00,0.00,0.00,0.00,0.00,0.00,0.00,0.00,0.00,0.00,0.00,0.00
,Total Facility,-,0.00,0.00,0.00,0.00,0.00,0.00,0.00,0.00,0.00,0.00,0.00,0.00,0.00,0.00,0.00,0.00,0.00,0.00


----------------------------------------------------------------------------------------------------
REPORT:,LEED Summary
FOR:,Entire Facility
Sec1.1A-General Information

,,Data
,Cooling Degree Days,****
,Heating Degree Days,0
,HDD and CDD data source,Weather File Stat
,Weather File,RUN PERIOD 1 ** Temixco Morelos MEX --- WMO#=-
,Total gross floor area [m2],128.73


EAp2-1. Space Usage Type

,,Space Area [m2],Regularly Occupied Area [m2],Unconditioned Area [m2],Typical Hours/Week in Operation [hr/wk]
,NCAFETERIA,128.73,0.00,128.73,0.00
,Totals,128.73,0.00,128.73,


EAp2-2. Advisory Messages

,,Data
,Number of hours heating loads not met,0.00
,Number of hours cooling loads not met,0.00
,Number of hours not met,0.00


EAp2-3. Energy Type Summary

,,Utility Rate,Virtual Rate [$/unit energy],Units of Energy,Units of Demand
,None,,,,


EAp2-4/5. Performance Rating Method Compliance

,,Electricity Energy Use [GJ],Electricity Demand [W],Natural Gas Energy Use [GJ],Natural Gas Demand [W],Gasoline Use [GJ],Gasoline Demand [W],Diesel Use [GJ],Diesel Demand [W],Coal Use [GJ],Coal Demand [W],Fuel Oil No 1 Use [GJ],Fuel Oil No 1 Demand [W],Fuel Oil No 2 Use [GJ],Fuel Oil No 2 Demand [W],Propane Use [GJ],Propane Demand [W],Other Fuel 1 Use [GJ],Other Fuel 1 Demand [W],Other Fuel 2 Use [GJ],Other Fuel 2 Demand [W],District Cooling Use [GJ],District Cooling Demand [W],District Heating Use [GJ],District Heating Demand [W]
,Heating -- General,0.00,0.00,0.00,0.00,0.00,0.00,0.00,0.00,0.00,0.00,0.00,0.00,0.00,0.00,0.00,0.00,0.00,0.00,0.00,0.00,0.00,0.00,0.00,0.00
,Cooling -- General,0.00,0.00,0.00,0.00,0.00,0.00,0.00,0.00,0.00,0.00,0.00,0.00,0.00,0.00,0.00,0.00,0.00,0.00,0.00,0.00,0.00,0.00,0.00,0.00
,Interior Lighting -- Not Subdivided,0.00,0.00,0.00,0.00,0.00,0.00,0.00,0.00,0.00,0.00,0.00,0.00,0.00,0.00,0.00,0.00,0.00,0.00,0.00,0.00,0.00,0.00,0.00,0.00
,Exterior Lighting -- Not Subdivided,0.00,0.00,0.00,0.00,0.00,0.00,0.00,0.00,0.00,0.00,0.00,0.00,0.00,0.00,0.00,0.00,0.00,0.00,0.00,0.00,0.00,0.00,0.00,0.00
,Interior Equipment -- Not Subdivided,0.00,0.00,0.00,0.00,0.00,0.00,0.00,0.00,0.00,0.00,0.00,0.00,0.00,0.00,0.00,0.00,0.00,0.00,0.00,0.00,0.00,0.00,0.00,0.00
,Exterior Equipment -- Not Subdivided,0.00,0.00,0.00,0.00,0.00,0.00,0.00,0.00,0.00,0.00,0.00,0.00,0.00,0.00,0.00,0.00,0.00,0.00,0.00,0.00,0.00,0.00,0.00,0.00
,Fans -- Not Subdivided,0.00,0.00,0.00,0.00,0.00,0.00,0.00,0.00,0.00,0.00,0.00,0.00,0.00,0.00,0.00,0.00,0.00,0.00,0.00,0.00,0.00,0.00,0.00,0.00
,Pumps -- Not Subdivided,0.00,0.00,0.00,0.00,0.00,0.00,0.00,0.00,0.00,0.00,0.00,0.00,0.00,0.00,0.00,0.00,0.00,0.00,0.00,0.00,0.00,0.00,0.00,0.00
,Heat Rejection -- Not Subdivided,0.00,0.00,0.00,0.00,0.00,0.00,0.00,0.00,0.00,0.00,0.00,0.00,0.00,0.00,0.00,0.00,0.00,0.00,0.00,0.00,0.00,0.00,0.00,0.00
,Humidification -- Not Subdivided,0.00,0.00,0.00,0.00,0.00,0.00,0.00,0.00,0.00,0.00,0.00,0.00,0.00,0.00,0.00,0.00,0.00,0.00,0.00,0.00,0.00,0.00,0.00,0.00
,Heat Recovery -- Not Subdivided,0.00,0.00,0.00,0.00,0.00,0.00,0.00,0.00,0.00,0.00,0.00,0.00,0.00,0.00,0.00,0.00,0.00,0.00,0.00,0.00,0.00,0.00,0.00,0.00
,Water Systems -- Not Subdivided,0.00,0.00,0.00,0.00,0.00,0.00,0.00,0.00,0.00,0.00,0.00,0.00,0.00,0.00,0.00,0.00,0.00,0.00,0.00,0.00,0.00,0.00,0.00,0.00
,Refrigeration -- Not Subdivided,0.00,0.00,0.00,0.00,0.00,0.00,0.00,0.00,0.00,0.00,0.00,0.00,0.00,0.00,0.00,0.00,0.00,0.00,0.00,0.00,0.00,0.00,0.00,0.00
,Generators -- Not Subdivided,0.00,0.00,0.00,0.00,0.00,0.00,0.00,0.00,0.00,0.00,0.00,0.00,0.00,0.00,0.00,0.00,0.00,0.00,0.00,0.00,0.00,0.00,0.00,0.00


EAp2-6. Energy Use Summary

,,Process Subtotal [GJ],Total Energy Use [GJ]
,Electricity,0.00,0.00
,Natural Gas,0.00,0.00
,Additional,0.00,0.00
,Total,0.00,0.00


EAp2-7. Energy Cost Summary

,,Process Subtotal [$],Total Energy Cost [$]
,Electricity,0.00,
,Natural Gas,0.00,
,Additional,0.00,
,Total,0.00,
Process energy cost based on ratio of process to total energy.


L-1. Renewable Energy Source Summary

,,Rated Capacity [kW],Annual Energy Generated [GJ]
,Photovoltaic,,0.00
,Wind,,0.00


EAp2-17a. Energy Use Intensity - Electricity

,,Electricty [MJ/m2]
,Interior Lighting (All),0.00
,Space Heating,0.00
,Space Cooling,0.00
,Fans (All),0.00
,Service Water Heating,0.00
,Receptacle Equipment,0.00
,Miscellaneous (All),0.00
,Subtotal,0.00


EAp2-17b. Energy Use Intensity - Natural Gas

,,Natural Gas [MJ/m2]
,Space Heating,0.00
,Service Water Heating,0.00
,Miscellaneous (All),0.00
,Subtotal,0.00


EAp2-17c. Energy Use Intensity - Additional

,,Additional [MJ/m2]
,Subtotal,0.00
,Miscellaneous,0.00


EAp2-18. End Use Percentage

,,Percent [%]
,None,


Schedules-Equivalent Full Load Hours (Schedule Type=Fraction)

,,Equivalent Full Load Hours of Operation Per Year [hr],Hours > 1% [hr]
,None,,


Schedules-SetPoints (Schedule Type=Temperature)

,,First Object Used,Month Assumed,11am First Wednesday [C],Days with Same 11am Value,11pm First Wednesday [C],Days with Same 11pm Value
,None,,,,,,


----------------------------------------------------------------------------------------------------
REPORT:,Annual Thermal Resilience Summary
FOR:,Entire Facility
Heat Index Hours

,,Safe (≤ 26.7°C) [hr],Caution (> 26.7, ≤ 32.2°C) [hr],Extreme Caution (> 32.2, ≤ 39.4°C) [hr],Danger (> 39.4, ≤ 51.7°C) [hr],Extreme Danger (> 51.7°C) [hr]
,NCAFETERIA,744.00,0.00,0.00,0.00,0.00
,Min,744.00,0.00,0.00,0.00,0.00
,Max,744.00,0.00,0.00,0.00,0.00
,Average,744.00,0.00,0.00,0.00,0.00
,Sum,744.00,0.00,0.00,0.00,0.00


Heat Index OccupantHours

,,Safe (≤ 26.7°C) [hr],Caution (> 26.7, ≤ 32.2°C) [hr],Extreme Caution (> 32.2, ≤ 39.4°C) [hr],Danger (> 39.4, ≤ 51.7°C) [hr],Extreme Danger (> 51.7°C) [hr]
,NCAFETERIA,0.00,0.00,0.00,0.00,0.00
,Min,0.00,0.00,0.00,0.00,0.00
,Max,0.00,0.00,0.00,0.00,0.00
,Average,0.00,0.00,0.00,0.00,0.00
,Sum,0.00,0.00,0.00,0.00,0.00


Humidex Hours

,,Little to no Discomfort (≤ 29) [hr],Some Discomfort (> 29, ≤ 40) [hr],Great Discomfort; Avoid Exertion (> 40, ≤ 45) [hr],Dangerous (> 45, ≤ 50) [hr],Heat Stroke Quite Possible (> 50) [hr]
,NCAFETERIA,744.00,0.00,0.00,0.00,0.00
,Min,744.00,0.00,0.00,0.00,0.00
,Max,744.00,0.00,0.00,0.00,0.00
,Average,744.00,0.00,0.00,0.00,0.00
,Sum,744.00,0.00,0.00,0.00,0.00


Humidex OccupantHours

,,Little to no Discomfort (≤ 29) [hr],Some Discomfort (> 29, ≤ 40) [hr],Great Discomfort; Avoid Exertion (> 40, ≤ 45) [hr],Dangerous (> 45, ≤ 50) [hr],Heat Stroke Quite Possible (> 50) [hr]
,NCAFETERIA,0.00,0.00,0.00,0.00,0.00
,Min,0.00,0.00,0.00,0.00,0.00
,Max,0.00,0.00,0.00,0.00,0.00
,Average,0.00,0.00,0.00,0.00,0.00
,Sum,0.00,0.00,0.00,0.00,0.00


Heating SET Hours

,,SET ≤ 12.2°C Hours (°C),SET ≤ 12.2°C OccupantHours (°C),Longest SET ≤ 12.2°C Duration [hr],Start Time of the Longest SET ≤ 12.2°C Duration
,None,,,,


Cooling SET Hours

,,SET > 30°C Hours (°C),SET > 30°C OccupantHours (°C),Longest SET > 30°C Duration [hr],Start Time of the Longest SET > 30°C Duration
,None,,,,


----------------------------------------------------------------------------------------------------
REPORT:,Annual CO2 Resilience Summary
FOR:,Entire Facility
CO2 Level Hours

,,Safe (<= 1000 ppm) [hr],Caution (> 1000, <= 5000 ppm) [hr],Hazard (> 5000 ppm) [hr]
,None,,,


CO2 Level OccupantHours

,,Safe (<= 1000 ppm) [hr],Caution (> 1000, <= 5000 ppm) [hr],Hazard (> 5000 ppm) [hr]
,None,,,


----------------------------------------------------------------------------------------------------
REPORT:,Annual Visual Resilience Summary
FOR:,Entire Facility
Illuminance Level Hours

,,A Bit Dark (<= 100 lux) [hr],Dim (> 100, <= 300 lux) [hr],Adequate (> 300, <= 500 lux) [hr],Bright (>500 lux) [hr]
,None,,,,


Illuminance Level OccupantHours

,,A Bit Dark (<= 100 lux) [hr],Dim (> 100, <= 300 lux) [hr],Adequate (> 300, <= 500 lux) [hr],Bright (>500 lux) [hr]
,None,,,,


